
function mpc = case123_R
%CASE9    Power flow data for 8 bus distribution network
%   Please see CASEFORMAT for details on the case file format.
%

%   LYZ @ Apr 9th, 2015

%% MATPOWER Case Format : Version 2
mpc.version = '2';

%%-----  Power Flow Data  -----%%
%% system MVA base
mpc.baseMVA = 100; %%% xxx


%% bus data
%   bus_i   type    Pd  Qd  Gs  Bs  area    Vm  Va  baseKV  zone    Vmax    Vmin
mpc.bus = [

	1	3	0.0	0.0	0	0	1	1.00	0.0	1.1	1	1.1	0.9;
	2	1	0.0	0.0	0	0	1	1.0436	-0.02	1.1	1	1.1	0.9;
	3	1	0.4	0.2	0	0	1	1.0311	-0.66	1.1	1	1.1	0.9;
	4	1	0.0	0.0	0	0	1	1.0331	-0.33	1.1	1	1.1	0.9;
	5	1	0.4	0.2	0	0	1	1.0326	-0.43	1.1	1	1.1	0.9;
	6	1	0.2	0.1	0	0	1	1.0318	-0.44	1.1	1	1.1	0.9;
	7	1	0.4	0.2	0	0	1	1.0311	-0.45	1.1	1	1.1	0.9;
	8	1	0.2	0.1	0	0	1	1.041	-0.33	1.1	1	1.1	0.9;
	9	1	0.2	0.1	0	0	1	1.0218	-1.13	1.1	1	1.1	0.9;
	10	1	0.0	0.0	0	0	1	1.0158	-1.44	1.1	1	1.1	0.9;
	11	1	0.2	0.1	0	0	1	1.0379	-0.74	1.1	1	1.1	0.9;
	12	1	0.4	0.2	0	0	1	1.0144	-1.47	1.1	1	1.1	0.9;
	13	1	0.0	0.0	0	0	1	1.0063	-1.5	1.1	1	1.1	0.9;
	14	1	0.2	0.1	0	0	1	1.006	-1.5	1.1	1	1.1	0.9;
	15	1	0.4	0.2	0	0	1	1.0057	-1.51	1.1	1	1.1	0.9;
	16	1	0.0	0.0	0	0	1	1.0079	-1.87	1.1	1	1.1	0.9;
	17	1	0.4	0.2	0	0	1	1.0187	-1.12	1.1	1	1.1	0.9;
	18	1	0.0	0.0	0	0	1	1.0183	-1.13	1.1	1	1.1	0.9;
	19	1	0.4	0.2	0	0	1	1.0173	-1.15	1.1	1	1.1	0.9;
	20	1	0.2	0.1	0	0	1	1.0178	-1.14	1.1	1	1.1	0.9;
	21	1	0.0	0.0	0	0	1	1.0	-2.2	1.1	1	1.1	0.9;
	22	1	0.4	0.2	0	0	1	0.9975	-2.31	1.1	1	1.1	0.9;
	23	1	0.4	0.2	0	0	1	0.9967	-2.33	1.1	1	1.1	0.9;
	24	1	0.0	0.0	0	0	1	0.9983	-2.34	1.1	1	1.1	0.9;
	25	1	0.4	0.2	0	0	1	1.305	-1.25	1.1	1	1.1	0.9;
	26	1	0.0	0.0	0	0	1	0.9979	-2.39	1.1	1	1.1	0.9;
	27	1	0.4	0.2	0	0	1	1.0085	-1.23	1.1	1	1.1	0.9;
	28	1	0.0	0.0	0	0	1	0.9972	-2.45	1.1	1	1.1	0.9;
	29	1	0.4	0.2	0	0	1	0.9968	-2.48	1.1	1	1.1	0.9;
	30	1	0.4	0.2	0	0	1	0.9969	-2.5	1.1	1	1.1	0.9;
	31	1	0.4	0.2	0	0	1	0.9969	-2.5	1.1	1	1.1	0.9;
	32	1	0.0	0.0	0	0	1	0.9969	-2.5	1.1	1	1.1	0.9;
	33	1	0.0	0.0	0	0	1	0.997	-2.48	1.1	1	1.1	0.9;
	34	1	0.0	0.0	0	0	1	0.9966	-2.49	1.1	1	1.1	0.9;
	35	1	0.2	0.1	0	0	1	1.0017	-1.23	1.1	1	1.1	0.9;
	36	1	0.2	0.1	0	0	1	1.0013	-1.23	1.1	1	1.1	0.9;
	37	1	0.4	0.2	0	0	1	0.9953	-2.52	1.1	1	1.1	0.9;
	38	1	0.0	0.0	0	0	1	0.9988	-2.29	1.1	1	1.1	0.9;
	39	1	0.4	0.2	0	0	1	0.996	-2.38	1.1	1	1.1	0.9;
	40	1	0.0	0.0	0	0	1	0.9951	-2.4	1.1	1	1.1	0.9;
	41	1	0.4	0.2	0	0	1	0.9943	-2.41	1.1	1	1.1	0.9;
	42	1	0.2	0.1	0	0	1	1.0282	-1.37	1.1	1	1.1	0.9;
	43	1	0.2	0.1	0	0	1	1.0278	-1.38	1.1	1	1.1	0.9;
	44	1	0.0	0.0	0	0	1	0.9945	-2.42	1.1	1	1.1	0.9;
	45	1	0.2	0.1	0	0	1	1.0097	-1.29	1.1	1	1.1	0.9;
	46	1	0.2	0.1	0	0	1	0.9929	-2.45	1.1	1	1.1	0.9;
	47	1	0.4	0.2	0	0	1	1.0257	-1.43	1.1	1	1.1	0.9;
	48	1	0.0	0.0	0	0	1	0.9918	-2.48	1.1	1	1.1	0.9;
	49	1	0.2	0.1	0	0	1	0.9913	-2.49	1.1	1	1.1	0.9;
	50	1	0.2	0.1	0	0	1	0.9909	-2.5	1.1	1	1.1	0.9;
	51	1	0.36	0.25	0	0	1	0.9908	-2.5	1.1	1	1.1	0.9;
	52	1	0.7	0.5	0	0	1	0.9905	-2.51	1.1	1	1.1	0.9;
	53	1	0.35	0.25	0	0	1	0.9905	-2.51	1.1	1	1.1	0.9;
	54	1	0.4	0.2	0	0	1	0.9905	-2.52	1.1	1	1.1	0.9;
	55	1	0.2	0.1	0	0	1	0.9903	-2.53	1.1	1	1.1	0.9;
	56	1	0.0	0.0	0	0	1	0.9903	-2.53	1.1	1	1.1	0.9;
	57	1	0.0	0.0	0	0	1	1.0078	-1.88	1.1	1	1.1	0.9;
	58	1	0.4	0.2	0	0	1	1.0018	-2.26	1.1	1	1.1	0.9;
	59	1	0.4	0.2	0	0	1	0.9991	-2.43	1.1	1	1.1	0.9;
	60	1	0.0	0.0	0	0	1	0.9976	-2.53	1.1	1	1.1	0.9;
	61	1	0.2	0.1	0	0	1	0.9974	-2.54	1.1	1	1.1	0.9;
	62	1	0.2	0.1	0	0	1	0.9974	-2.53	1.1	1	1.1	0.9;
	63	1	0.0	0.0	0	0	1	0.9945	-2.83	1.1	1	1.1	0.9;
	64	1	0.2	0.1	0	0	1	1.03	-1.63	1.1	1	1.1	0.9;
	65	1	0.2	0.1	0	0	1	1.0296	-1.63	1.1	1	1.1	0.9;
	66	1	0.2	0.1	0	0	1	0.988	-3.51	1.1	1	1.1	0.9;
	67	1	0.4	0.2	0	0	1	0.9872	-3.5	1.1	1	1.1	0.9;
	68	1	0.4	0.2	0	0	1	0.9866	-3.49	1.1	1	1.1	0.9;
	69	1	0.75	0.35	0	0	1	0.9863	-3.47	1.1	1	1.1	0.9;
	70	1	0.35	0.25	0	0	1	0.9856	-3.48	1.1	1	1.1	0.9;
	71	1	0.75	0.35	0	0	1	0.9858	-3.51	1.1	1	1.1	0.9;
	72	1	0.0	0.0	0	0	1	0.988	-3.52	1.1	1	1.1	0.9;
	73	1	0.0	0.0	0	0	1	1.0355	-3.52	1.1	1	1.1	0.9;
	74	1	0.2	0.1	0	0	1	1.034	-3.79	1.1	1	1.1	0.9;
	75	1	0.4	0.2	0	0	1	1.0322	-3.83	1.1	1	1.1	0.9;
	76	1	0.2	0.1	0	0	1	1.031	-3.85	1.1	1	1.1	0.9;
	77	1	0.4	0.2	0	0	1	1.0303	-3.86	1.1	1	1.1	0.9;
	78	1	0.0	0.0	0	0	1	1.0359	-3.86	1.1	1	1.1	0.9;
	79	1	0.4	0.2	0	0	1	1.0321	-2.54	1.1	1	1.1	0.9;
	80	1	0.4	0.2	0	0	1	1.0303	-2.58	1.1	1	1.1	0.9;
	81	1	0.4	0.2	0	0	1	1.0293	-2.6	1.1	1	1.1	0.9;
	82	1	0.7	0.5	0	0	1	1.0358	-3.92	1.1	1	1.1	0.9;
	83	1	0.4	0.2	0	0	1	1.037	-3.99	1.1	1	1.1	0.9;
	84	1	0.0	0.0	0	0	1	1.0373	-4.01	1.1	1	1.1	0.9;
	85	1	0.4	0.2	0	0	1	1.037	-4.02	1.1	1	1.1	0.9;
	86	1	0.4	0.2	0	0	1	1.0394	-4.07	1.1	1	1.1	0.9;
	87	1	0.0	0.0	0	0	1	1.0415	-4.14	1.1	1	1.1	0.9;
	88	1	0.4	0.2	0	0	1	1.0424	-4.18	1.1	1	1.1	0.9;
	89	1	0.2	0.1	0	0	1	1.0436	-4.2	1.1	1	1.1	0.9;
	90	1	0.2	0.1	0	0	1	1.0348	-2.91	1.1	1	1.1	0.9;
	91	1	0.4	0.2	0	0	1	1.0369	-2.93	1.1	1	1.1	0.9;
	92	1	0.2	0.1	0	0	1	1.0349	-3.95	1.1	1	1.1	0.9;
	93	1	0.4	0.2	0	0	1	1.0342	-3.97	1.1	1	1.1	0.9;
	94	1	0.0	0.0	0	0	1	1.0338	-3.96	1.1	1	1.1	0.9;
	95	1	0.0	0.0	0	0	1	1.0336	-3.96	1.1	1	1.1	0.9;
	96	1	0.0	0.0	0	0	1	1.0333	-3.97	1.1	1	1.1	0.9;
	97	1	0.2	0.1	0	0	1	1.0332	-3.96	1.1	1	1.1	0.9;
	98	1	0.4	0.2	0	0	1	1.0342	-4.0	1.1	1	1.1	0.9;
	99	1	0.4	0.2	0	0	1	1.0269	-2.72	1.1	1	1.1	0.9;
	100	1	0.4	0.2	0	0	1	1.0375	-2.69	1.1	1	1.1	0.9;
	101	1	0.4	0.2	0	0	1	1.0326	-3.98	1.1	1	1.1	0.9;
	102	1	0.2	0.1	0	0	1	1.0258	-2.73	1.1	1	1.1	0.9;
	103	1	0.0	0.0	0	0	1	1.0345	-3.82	1.1	1	1.1	0.9;
	104	1	0.4	0.2	0	0	1	1.0343	-3.83	1.1	1	1.1	0.9;
	105	1	0.4	0.2	0	0	1	1.0346	-3.82	1.1	1	1.1	0.9;
	106	1	0.4	0.2	0	0	1	1.0348	-3.82	1.1	1	1.1	0.9;
	107	1	0.0	0.0	0	0	1	1.0348	-3.82	1.1	1	1.1	0.9;
	108	1	0.0	0.0	0	0	1	1.0345	-3.82	1.1	1	1.1	0.9;
	109	1	0.0	0.0	0	0	1	1.0337	-3.86	1.1	1	1.1	0.9;
	110	1	0.2	0.1	0	0	1	1.0318	-2.44	1.1	1	1.1	0.9;
	111	1	0.4	0.2	0	0	1	1.0301	-2.47	1.1	1	1.1	0.9;
	112	1	0.4	0.2	0	0	1	1.0283	-2.51	1.1	1	1.1	0.9;
	113	1	0.0	0.0	0	0	1	1.0323	-3.9	1.1	1	1.1	0.9;
	114	1	0.4	0.2	0	0	1	1.029	-2.29	1.1	1	1.1	0.9;
	115	1	0.4	0.2	0	0	1	1.0275	-2.32	1.1	1	1.1	0.9;
	116	1	0.0	0.0	0	0	1	1.0309	-3.97	1.1	1	1.1	0.9;
	117	1	0.0	0.0	0	0	1	1.0309	-3.97	1.1	1	1.1	0.9;
	118	1	0.4	0.2	0	0	1	1.0267	-4.05	1.1	1	1.1	0.9;
	119	1	0.0	0.0	0	0	1	1.0248	-4.09	1.1	1	1.1	0.9;
	120	1	0.2	0.1	0	0	1	1.024	-4.1	1.1	1	1.1	0.9;
	121	1	0.2	0.1	0	0	1	1.0241	-4.1	1.1	1	1.1	0.9;
	122	1	0.4	0.2	0	0	1	1.022	-4.14	1.1	1	1.1	0.9;
	123	1	0.2	0.1	0	0	1	1.0216	-4.15	1.1	1	1.1	0.9;
];

%   bus Pg  Qg  Qmax    Qmin    Vg  mBase   status  Pmax    Pmin    Pc1 Pc2 Qc1min  Qc1max  Qc2min  Qc2max  ramp_agc    ramp_10 ramp_30 ramp_q  apf
mpc.gen = [

	1	30.0	12.0	300	-300	1.0	1	1	250	0	0	0	0	0	0	0	0	0	0	0	0;
];

%% branch data
%   fbus    tbus    r   x   b   rateA   rateB   rateC   tap   angle   status  angmin  angmax
